average first last random max min
1 19 19 19 19 19 19
2 47 47 47 47 47 47
3 28 28 28 28 28 28
4 30 30 30 30 30 30
5 39 39 39 39 39 39
6 7 7 7 7 7 7
7 29 29 29 29 29 29
8 43 43 43 43 43 43
9 23 23 23 23 23 23
10 41 41 41 41 41 41
11 46 46 46 46 46 46
12 40 40 40 40 40 40
13 11 11 11 11 11 11
14 15 15 15 15 15 15
15 2 2 2 2 2 2
16 5 5 5 5 5 5
17 8 8 8 8 8 8
18 34 34 34 34 34 34
19 18 18 18 18 18 18
20 45 45 45 45 45 45
21 26 26 26 26 26 26
22 32 32 32 32 32 32
23 12 12 12 12 12 12
24 13 13 13 13 13 13
25 33 33 33 33 33 33
26 17 17 17 17 17 17
27 24 24 24 24 24 24
28 20 20 20 20 20 20
29 14 14 14 14 14 14
30 37 37 37 37 37 37
31 35 35 35 35 35 35
32 36 36 36 36 36 36
33 21 21 21 21 21 21
34 10 10 10 10 10 10
35 4 4 4 4 4 4
36 25 25 25 25 25 25
37 44 44 44 44 44 44
38 16 16 16 16 16 16
39 38 38 38 38 38 38
40 1 1 1 1 1 1
41 42 42 42 42 42 42
42 27 27 27 27 27 27
43 3 3 3 3 3 3
44 6 6 6 6 6 6
45 9 9 9 9 9 9
46 31 31 31 31 31 31
47 22 22 22 22 22 22
